N = [4,8,12,16,20]
L1C2 = [8.32251e-06,6.2868e-07,1.30803e-07,4.2397e-08,1.76091e-08]
L1C3 = [8.62425e-06,8.11366e-07,1.98785e-07,7.29913e-08,3.34716e-08]
L2C2 = [0.000129321,1.69091e-05,5.07735e-06,2.15513e-06,1.10756e-06]
L2C3 = [0.000248341,2.88773e-05,7.74964e-06,2.85975e-06,1.41773e-06]
L3C2 = [5.16413e-05,6.61979e-06,1.97618e-06,8.3589e-07,4.2864e-07]
L3C3 = [0.0560906,0.0561617,0.0561631,0.0561627,0.0561625]
