N = [4,8,16,32]
c0 = [0.345213,0.345305,0.345311,0.345312]
c1 = []
